# VARIANT=d16-bb EXTRA='--bollinger-mode'
# span=2020-01..2023-12 fee=10 slip=5
# symbols=16
APTUSDT 39 6 -12517.18 -10273.22 1223.9
ROSEUSDT 62 16 22316.26 23938.47 1705.09
IMXUSDT 57 12 -6281.49 -2650.7 1852.43
ENSUSDT 72 14 -7905.66 -5409.38 2527.13
1000SHIBUSDT 79 17 8171.62 11076.93 2487.46
AVAXUSDT 106 26 23300.63 27987.31 3060.67
FILUSDT 94 24 26726.19 29931.15 2901.24
1INCHUSDT 96 23 21251.74 26191.98 2681.97
GRTUSDT 101 22 17620.97 20621.29 2909.78
DOTUSDT 105 26 21426.06 26109.27 3386.59
RUNEUSDT 110 19 -4823.55 -2549.46 2793.6
KAVAUSDT 103 21 9017.09 13757 2881.99
BCHUSDT 127 24 -11748.57 -4679.75 4188.04
XLMUSDT 122 29 24976.38 28327.36 4436.92
ETCUSDT 127 22 -3210.49 2825.92 4354.71
ADAUSDT 135 28 19324.09 22444.3 4245.45
