# VARIANT=d16-macd EXTRA='--macd-mode'
# span=2020-01..2023-12 fee=10 slip=5
# symbols=16
APTUSDT 59 6 -17649.95 -13605.26 3203.65
IMXUSDT 83 18 20676.72 25180.65 3682.12
ROSEUSDT 97 18 4569.69 8853.39 4230.2
ENSUSDT 114 17 -19969.54 -13672.86 5772.64
1000SHIBUSDT 127 20 -5301.29 1526.3 6846.48
1INCHUSDT 155 27 -7504.96 551.64 7183.92
GRTUSDT 149 28 25010.13 29516.54 5935.83
FILUSDT 148 35 58764 65473.1 7492.09
RUNEUSDT 179 29 -6059.5 262.53 7034.97
KAVAUSDT 192 33 9758.64 20385.86 8616.65
DOTUSDT 181 32 5191.57 18153.66 9770.36
AVAXUSDT 162 31 10216.86 20108.58 8039.47
ADAUSDT 209 36 12432.35 23133.6 12293.97
BCHUSDT 201 39 23631.34 39161.61 12927.05
ETCUSDT 174 39 59778.79 70020.15 10378.59
XLMUSDT 201 33 -3215.89 5828.52 11732.86
