# VARIANT=d16-mom EXTRA='--momentum-mode'
# span=2020-01..2023-12 fee=10 slip=5
# symbols=16
APTUSDT 94 16 7629.56 12596.18 3803.54
IMXUSDT 146 23 -15773.14 -9023.35 4684.43
ROSEUSDT 161 30 827.96 7330.37 6138.71
ENSUSDT 153 26 -2328.56 2539.27 5547.2
1000SHIBUSDT 143 33 35777.72 41307.88 5512.72
GRTUSDT 192 41 34074.53 36076.78 5653.1
FILUSDT 214 45 42791.17 50511.59 8312.3
RUNEUSDT 272 45 -16257.71 -9610.87 8469.37
1INCHUSDT 256 40 -32641.85 -24109.88 8600.2
AVAXUSDT 248 46 11325.57 19420.89 8245.85
DOTUSDT 246 39 -15385.6 -5574.16 9133.82
KAVAUSDT 274 47 -1822.98 5603.23 8117.34
ADAUSDT 304 51 11059.89 18030.17 11448
XLMUSDT 284 51 23416.9 27179.05 11851.88
BCHUSDT 284 48 -19151.91 -4048.7 12962.67
ETCUSDT 247 46 13410.66 20083.19 10236.49
