# VARIANT=d16-pdh EXTRA='--pdh-pdl-break-mode'
# span=2020-01..2023-12 fee=10 slip=5
# symbols=16
APTUSDT 60 11 4474.01 14837.33 7015.25
IMXUSDT 103 13 -46738.42 -28581.65 11864.32
ENSUSDT 125 14 -52578.91 -35405.1 12552.56
ROSEUSDT 128 16 -35815.72 -19770.68 11854.51
1000SHIBUSDT 115 19 -3906.96 15383.19 14035.19
GRTUSDT 188 34 9204.39 34407.56 19575
1INCHUSDT 191 29 -25111.85 1136.37 17631.73
AVAXUSDT 220 36 -17275.56 12680.11 22115.78
RUNEUSDT 242 36 -37595.3 -4297.56 23539.69
FILUSDT 154 27 2127.36 24689.26 16343.16
DOTUSDT 195 31 -24874.43 6913.55 22770.52
KAVAUSDT 228 35 -35711.69 1982.61 25050.01
ADAUSDT 233 33 -52809.84 -17160.58 26965.34
ETCUSDT 220 35 -23370.5 17930.35 30031.69
XLMUSDT 234 31 -63301.21 -21901.82 32056.99
BCHUSDT 200 25 -67548.56 -32448.63 25419.45
