# VARIANT=d16-rsi EXTRA='--rsi-mode'
# span=2020-01..2023-12 fee=10 slip=5
# symbols=16
APTUSDT 71 13 15380.03 19520.92 3310.88
IMXUSDT 106 18 -13935.95 -8716.15 3757.53
ENSUSDT 111 22 6638.78 10498.77 4101.71
ROSEUSDT 97 23 14170.34 17496.06 3340.21
1000SHIBUSDT 142 24 -3240.94 1863.2 5780.25
GRTUSDT 158 37 50562.65 54263.69 5257.33
1INCHUSDT 179 36 30233.68 37500.32 7262.44
FILUSDT 173 33 6630.51 12754.77 7758.89
RUNEUSDT 178 32 3762.85 7897.97 5459.92
AVAXUSDT 177 34 16231.79 22756.48 6321.54
DOTUSDT 190 32 -26033.81 -16054 7809.42
KAVAUSDT 204 38 21418 30317.52 7734.37
BCHUSDT 209 38 -23317.06 -10992.53 9776.75
XLMUSDT 212 42 36425.84 41803.54 9484.98
ETCUSDT 205 40 5772.88 15960.3 10020.98
ADAUSDT 245 43 27665.48 34736.9 11101.98
