# VARIANT=d16-vwap EXTRA='--vwap-deviation-mode --vwap-deviation-pct 0.02'
# span=2020-01..2023-12 fee=10 slip=5
# symbols=16
APTUSDT 8 2 -4326.47 -3465.72 589.27
IMXUSDT 17 6 -3975.3 -2845.09 884.09
ENSUSDT 18 6 -6369.09 -5032.36 995.23
ROSEUSDT 10 6 4751.74 5447.01 604.02
1000SHIBUSDT 11 2 -5436.6 -4326.11 768.89
1INCHUSDT 26 10 3081.23 6016.19 2207.68
GRTUSDT 33 12 -5709.02 -2353.05 2375.41
RUNEUSDT 51 21 4516.57 9008.98 3476.39
AVAXUSDT 37 12 -6975.19 -4401.54 1980.71
FILUSDT 20 6 -7422.5 -5385.82 1519.23
KAVAUSDT 37 12 -4179.5 -276.02 2871.1
DOTUSDT 26 7 -5448.92 -2955.82 1911.26
ADAUSDT 32 9 -13535.09 -10856.9 2040.22
ETCUSDT 29 10 146.93 2281.91 1832.25
XLMUSDT 25 7 -7715.33 -5379.41 1867.44
BCHUSDT 29 7 -12049.25 -9294.87 2256.17
