# VARIANT=d16-both EXTRA='--side-filter both'
# span=2020-01..2023-12 fee=10 slip=5
# symbols=16
APTUSDT 56 10 836.99 4257.19 2728.73
IMXUSDT 82 13 -17644.35 -11717.06 3640
ROSEUSDT 101 23 36894.55 45722.1 5758.28
ENSUSDT 116 19 -3101.94 4162.46 5408.46
1000SHIBUSDT 143 24 -57.13 12661.66 9047.7
GRTUSDT 162 38 69599.7 79212.69 7499.87
1INCHUSDT 156 39 81837.01 94493.41 7983.87
RUNEUSDT 178 35 30852.81 41394.04 6711.8
FILUSDT 168 25 -17487.44 -6167.76 8931.25
AVAXUSDT 161 33 26367.88 41253.65 8207.02
DOTUSDT 199 31 -18659.16 -770.74 10853.03
KAVAUSDT 195 40 44782.32 56706.16 8403.07
ADAUSDT 228 38 -8882.12 13594.7 12700.04
BCHUSDT 233 43 35602.34 58437.54 15055.69
XLMUSDT 197 47 83583.12 102108.85 10800.3
ETCUSDT 225 34 -29815.02 -13728.59 11952.94
