# VARIANT=d16-long EXTRA='--side-filter long'
# span=2020-01..2023-12 fee=10 slip=5
# symbols=16
APTUSDT 32 5 -9692.9 -7698.81 1585.3
IMXUSDT 57 8 -19386.14 -14780.36 2677.72
ROSEUSDT 67 11 1667.57 9066.12 4217.96
ENSUSDT 77 6 -41731.22 -35000 3867.11
1000SHIBUSDT 97 13 -20285.21 -9162.85 6552.76
GRTUSDT 111 18 1393.63 9345.13 4779.04
FILUSDT 111 10 -51304.39 -40473.55 6414.44
1INCHUSDT 105 24 41065.34 52152.29 6336.08
AVAXUSDT 109 18 -4398.31 7618.29 5809.42
RUNEUSDT 114 20 9985.04 18538.38 4649.85
DOTUSDT 124 23 10425.88 23914.25 7561.38
KAVAUSDT 137 20 -17518.57 -6168.15 6858.87
ADAUSDT 136 17 -43990.94 -25810.89 7806.68
ETCUSDT 148 22 -15982.54 1906.35 8742.39
BCHUSDT 152 26 14495.17 31476.73 10776.19
XLMUSDT 133 27 34139.47 53622.07 8259.81
