# VARIANT=atr1.5 EXTRA='--atr-stop-mult 1.5'
# span=2020-01..2023-12 fee=10 slip=5
# symbols=57
BLURUSDT 16 3 -5312.15 -5465.6 284.91
ARBUSDT 21 5 7092.62 7205.1 589
APTUSDT 27 8 18224.11 18995.7 559.66
APEUSDT 39 11 13360 18547.49 725.12
1000SHIBUSDT 58 16 29633.38 30194.98 1446.35
CHZUSDT 73 16 1850.29 1575.8 1464.86
1INCHUSDT 71 19 20104.31 22374.45 1512.79
AXSUSDT 87 21 24532.28 35271 1703.3
AAVEUSDT 97 19 9301.31 8290.46 2030.86
AVAXUSDT 74 17 6090.4 6985.16 1519.35
CRVUSDT 87 22 21878.5 24488.33 1498.05
DYDXUSDT 55 15 19466.77 19766.51 953.86
ATOMUSDT 101 22 10325.95 9690.55 2112.68
BNBUSDT 93 20 14039.36 19903.76 2924.3
DOTUSDT 93 19 10763.77 13941.25 2218.55
BCHUSDT 96 18 -14761.21 -12556.61 2557.41
ADAUSDT 108 22 8457.94 7900.77 2702.24
DOGEUSDT 87 16 2343.28 1945.82 1974.98
BTCUSDT 101 14 -21723.87 -20498.18 4156.38
GMXUSDT 22 5 9744.47 9518.48 665.41
ENSUSDT 51 15 25851.58 25944.43 1037.27
ENJUSDT 88 22 33852.72 34584.89 1893.99
INJUSDT 37 6 -9655.22 -7426.88 728.61
LDOUSDT 36 5 -11976.35 -11786.78 749.85
GALAUSDT 54 18 34204.09 34383.82 1022.21
IMXUSDT 45 13 20910.4 22213.08 885.54
PYTHUSDT 2 1 2148.96 1663.38 18.28
GRTUSDT 72 19 12774.6 12678.97 1274.64
FILUSDT 71 20 28536.79 28244.89 1588.06
ICPUSDT 65 15 18898.11 18748.45 1386.83
FTMUSDT 78 24 43690.1 43090.54 1279.99
HBARUSDT 79 17 8248.18 8388.18 1771.69
SEIUSDT 7 1 -2834.16 -2741.93 112.8
ETHUSDT 125 17 -28434.88 -26740.79 3959.94
OPUSDT 37 8 2485.28 2916.8 655.1
ETCUSDT 109 27 36161.93 37292 2632.36
MANAUSDT 67 17 18476.29 18783.83 1428.49
TIAUSDT 5 0 -4980.96 -5000 49.17
IOTAUSDT 115 21 -741.86 817.72 2682.64
SUIUSDT 20 6 8029.56 8493.43 403.38
KAVAUSDT 85 18 7113.11 9800.31 1655.25
ROSEUSDT 51 13 14529.49 15238.08 1112.09
WLDUSDT 14 1 -7238.28 -7000 229.83
LINKUSDT 100 19 14349.86 14506.05 2123.35
MKRUSDT 82 19 23388.58 23785.23 1881.92
LTCUSDT 99 19 2749.8 1622.84 2347.22
NEARUSDT 87 17 8678.74 9270.37 1474.6
SANDUSDT 64 18 33072.72 32761.16 1280.7
RUNEUSDT 85 16 -2855.75 -2507.47 1496.49
SNXUSDT 89 17 10880.24 12848.31 1473.9
SOLUSDT 77 17 -3268.99 -2099.83 1395.92
UNIUSDT 98 18 5722.57 4595.48 2085.17
TRXUSDT 119 15 -45136.54 -36444.37 4327.96
ZILUSDT 89 21 11067.58 9899.4 1772.54
VETUSDT 95 20 30984.68 30096.64 2009.48
XLMUSDT 91 21 5027.19 3475.95 2257.6
XRPUSDT 97 18 -11954.45 -11816.12 2495.39
