# VARIANT=atr2.5 EXTRA='--atr-stop-mult 2.5'
# span=2020-01..2023-12 fee=10 slip=5
# symbols=57
BLURUSDT 15 4 858 740.57 169.08
ARBUSDT 15 6 3782.7 3654.75 251.23
APTUSDT 24 8 5691.33 6234.25 299.1
APEUSDT 32 11 8728.85 11912.41 346.34
1000SHIBUSDT 46 15 10838.37 10792.35 683.25
1INCHUSDT 61 20 9334.47 10463.9 797.26
AXSUSDT 63 22 8721.53 15621.32 690.49
CHZUSDT 55 20 2995.79 2173.03 646.99
AVAXUSDT 56 20 16003.66 16169.3 692.93
AAVEUSDT 70 20 -391.04 -2093.62 849.57
DYDXUSDT 44 18 4624.54 4526.05 434.04
CRVUSDT 69 22 11709.44 13667.43 703.53
DOTUSDT 76 19 -2355.69 -628.79 1046.6
BNBUSDT 73 22 9681.26 13406.14 1360.01
ATOMUSDT 76 22 -3554.26 -4839.76 902.95
BCHUSDT 72 23 2936.32 4364.21 1118.46
ADAUSDT 86 28 16342.07 14926.2 1259.63
BTCUSDT 75 16 -10768.48 -11797.38 1884.07
DOGEUSDT 66 21 912.41 -598.9 909.69
GMXUSDT 17 5 1814.03 1398.43 304.23
ENSUSDT 47 16 9794.66 9643.64 594.35
ENJUSDT 69 20 -3334.35 -3868.82 848.54
LDOUSDT 29 7 -4283.59 -4374.97 356.54
GALAUSDT 43 18 18867.22 18639.02 490.52
INJUSDT 24 5 -10611.54 -9276.34 269.51
IMXUSDT 37 13 9731.22 10564.73 433.1
PYTHUSDT 2 1 1113.57 851.63 11.38
FILUSDT 62 21 10386.81 9775.7 783.51
GRTUSDT 61 21 5667.5 4988.67 638.13
ICPUSDT 49 16 14951.75 14335.57 613.12
FTMUSDT 65 25 12760.8 11963.11 614.61
HBARUSDT 63 17 -8290.94 -8313.36 839.52
SEIUSDT 7 2 -2992.21 -2946.9 74.4
ETCUSDT 77 24 11690.37 11050.69 1076.85
OPUSDT 32 8 -7702.59 -7567.49 334.62
TIAUSDT 4 0 -3956.73 -4000 23.16
ETHUSDT 93 20 -6196.21 -7127.87 1682.64
MANAUSDT 52 18 19988.26 20201.68 669.17
SUIUSDT 16 6 8297.67 8489.52 188.13
KAVAUSDT 65 27 20606.94 22095.53 724.24
WLDUSDT 8 2 -686 -570.92 72.53
ROSEUSDT 42 13 5171.44 5280.66 516.7
IOTAUSDT 84 26 1354.95 1766.9 1160.15
LINKUSDT 79 18 -6383.43 -7493.74 1009.32
LTCUSDT 81 23 1219.08 -498.49 1174.11
NEARUSDT 66 19 4110.29 4014.73 660.92
MKRUSDT 66 18 -9421.81 -9949.9 851.96
SANDUSDT 50 18 9667.93 9215.22 591.82
SNXUSDT 66 18 -4363.19 -3184.69 636.06
SOLUSDT 61 19 -1102.9 303.77 640.51
RUNEUSDT 73 20 -10180.12 -10155.49 762.68
UNIUSDT 73 19 -6837.04 -8605.37 958.09
VETUSDT 78 21 3890.14 2527.48 1022.33
XLMUSDT 76 25 -1502.35 -3747.38 1137.61
TRXUSDT 97 16 -52841.5 -47421.86 2146.25
ZILUSDT 67 23 3788.31 2265.51 779.28
XRPUSDT 74 24 1182.62 -170.62 1179.56
