# VARIANT=atr2.5-trail EXTRA='--atr-stop-mult 2.5 --trailing-stop-mode'
# span=2020-01..2023-12 fee=10 slip=5
# symbols=57
BLURUSDT 15 3 -4707.14 -4731.26 169.08
ARBUSDT 17 4 -1906.7 -1876.94 280.75
APTUSDT 27 10 8290.78 8947.93 352.17
APEUSDT 40 15 6562.14 9900.98 477.41
1000SHIBUSDT 58 18 8544.97 8999.23 913.98
CHZUSDT 63 21 -2085.55 -2643.88 762.6
1INCHUSDT 83 21 2935.65 4433.71 1051.49
AVAXUSDT 69 21 7193.41 7822.9 887.11
AXSUSDT 85 27 712.14 6951.1 920.3
AAVEUSDT 89 26 5968.7 5462.91 1093.81
CRVUSDT 87 24 584.03 2457.86 900.48
DYDXUSDT 54 19 10990.12 11316.21 564.41
ADAUSDT 113 31 4986.58 4883.01 1629.86
ATOMUSDT 97 25 -8516.49 -8557.45 1212.43
BCHUSDT 97 30 2160.22 4235.8 1588.3
BTCUSDT 97 20 -5611.75 -5028.45 2421.96
BNBUSDT 95 26 9314.04 12942.97 1784.02
DOGEUSDT 80 21 1861.7 1340.65 1132.91
DOTUSDT 93 25 2419.28 4765.54 1317.08
GMXUSDT 26 9 4332.03 4511.09 498.39
ENJUSDT 86 23 10910.96 11392.12 1117.54
ENSUSDT 62 15 -4867.19 -4409.74 850.21
INJUSDT 29 6 99.72 1254.89 320.82
LDOUSDT 38 8 -1861.16 -1626.1 484.52
IMXUSDT 47 16 4837.28 5626.42 544.37
GALAUSDT 48 20 20321.18 20216.05 548.34
PYTHUSDT 2 1 721.06 508.05 11.38
FILUSDT 74 23 11819.71 11790.93 963.57
FTMUSDT 83 29 14929.87 14572.47 839.06
HBARUSDT 77 18 -11206.07 -10992.47 1057.51
ICPUSDT 57 17 3001.01 2873.85 744.41
ETHUSDT 117 28 -12704.86 -11993.27 2208.9
ETCUSDT 97 32 16180.43 16609.66 1437.17
GRTUSDT 76 21 1000.63 572.93 805.92
OPUSDT 37 11 -1896.11 -1596.51 394.45
KAVAUSDT 93 24 783.6 2297.81 1148.82
TIAUSDT 4 0 -3956.73 -4000 23.16
SEIUSDT 7 1 -3075.11 -3045.16 67.68
MANAUSDT 62 20 12679.76 12896.5 798.02
IOTAUSDT 97 27 2973.34 3609.64 1334.78
SUIUSDT 18 6 4095.9 4369.57 235.33
WLDUSDT 11 2 -267.75 -144.99 108.34
ROSEUSDT 51 16 10654.14 10879.89 671.87
LINKUSDT 92 24 1398.53 1038.89 1171.52
LTCUSDT 101 27 -8142.24 -8210.54 1560.43
MKRUSDT 78 25 7045.7 7072.71 1009.97
NEARUSDT 85 20 -5720.52 -5428.64 905.59
RUNEUSDT 90 24 -7746.89 -7548.67 976.98
SANDUSDT 63 25 22834.11 22988.31 782.91
SOLUSDT 71 20 5536.97 6292.16 743.44
SNXUSDT 84 25 2392.19 3520.16 859.86
UNIUSDT 93 24 -1705.37 -2111.31 1261.38
TRXUSDT 111 17 -39926.35 -34691.15 2440.7
VETUSDT 97 23 -188.6 -551.19 1291.73
ZILUSDT 87 23 -5897.35 -6076.75 1064.32
XLMUSDT 88 31 6190.77 5972.96 1279.77
XRPUSDT 94 24 1471.59 1324.88 1500.97
