# VARIANT=atr3.5 EXTRA='--atr-stop-mult 3.5'
# span=2020-01..2023-12 fee=10 slip=5
# symbols=57
BLURUSDT 13 5 -103.45 -183.24 96.49
ARBUSDT 14 6 2521.21 2407.71 165.92
APTUSDT 21 8 1910.97 2312.05 183.91
APEUSDT 31 12 8320.89 10598.44 244.54
1000SHIBUSDT 42 16 6628.38 6495.24 444.01
1INCHUSDT 58 24 2768.81 3441.21 522.2
CHZUSDT 46 21 3978.86 3133.36 381.19
AAVEUSDT 63 22 -6359.29 -7856.56 542.78
AXSUSDT 57 22 470.44 5373.65 442.87
AVAXUSDT 51 20 2480.33 2485.53 445.82
CRVUSDT 59 24 5706.02 7024.55 417.9
DYDXUSDT 42 18 -2139.13 -2225.33 298.22
ATOMUSDT 68 22 -4713.26 -6048.19 583.82
BNBUSDT 67 23 473.11 3101.11 899.59
BCHUSDT 66 25 1824.73 2690.64 737.26
ADAUSDT 72 28 10976.23 9571.08 722.95
BTCUSDT 66 18 -5886.05 -7532.89 1147.45
DOTUSDT 64 22 -3584.81 -2408.48 652.86
DOGEUSDT 58 24 6140.75 4894.05 583.52
GMXUSDT 15 5 1929.8 1570.31 197.56
ENJUSDT 60 23 8522.22 7827.46 498.04
ENSUSDT 43 16 -1579.81 -1821.36 375.41
INJUSDT 23 5 -9949.34 -8991.07 183.14
LDOUSDT 23 9 -361.35 -621.67 200.16
IMXUSDT 36 13 419.98 1143.58 297.58
GALAUSDT 37 17 10195.58 9869.82 293.21
PYTHUSDT 2 1 795.4 608.31 8.13
ICPUSDT 40 17 10892.24 10175.55 361.5
GRTUSDT 53 24 7008.75 6384.75 405.08
FILUSDT 52 23 13192.01 12490.32 457.67
HBARUSDT 53 18 -7725.97 -7903.39 505.25
ETCUSDT 65 26 7712.13 7108.26 617.43
SEIUSDT 4 2 -705.14 -715.63 30.43
FTMUSDT 58 25 6042.47 5151.55 384.71
ETHUSDT 82 20 -19993.35 -21180.22 1080.13
TIAUSDT 4 0 -2774.16 -2856.99 16.54
OPUSDT 29 8 -9285.58 -9262.49 215.96
KAVAUSDT 59 27 11889.37 12732.74 475.4
SUIUSDT 14 6 5164.66 5227.56 117.35
MANAUSDT 49 17 1942.37 1688.08 438.12
IOTAUSDT 72 27 1618.12 1383.01 692.61
WLDUSDT 8 2 -1897.87 -1836.37 51.81
ROSEUSDT 38 14 953.78 938.6 338.1
LINKUSDT 67 20 -7632.43 -8855.32 594.88
MKRUSDT 59 19 -9267.65 -10308.47 522.14
LTCUSDT 72 24 -7232.98 -8801.9 748.86
NEARUSDT 60 19 -770.43 -1098.08 434.2
SANDUSDT 48 18 2533.01 2160.92 406.91
RUNEUSDT 62 21 -8821.42 -8988.29 475.28
SNXUSDT 61 18 -12801.83 -12293.48 403.9
SOLUSDT 55 18 -10467.82 -7327.93 408.26
UNIUSDT 64 21 -7252.53 -8950.19 596.27
TRXUSDT 76 21 -25444.17 -22574.03 1218.58
VETUSDT 66 22 6797.43 5235.49 602.88
ZILUSDT 60 23 2384.02 740.83 492.33
XLMUSDT 71 25 -8405.15 -10357.32 766.13
XRPUSDT 67 26 -5542.7 -7075.62 766.25
