# VARIANT=atr5.0 EXTRA='--atr-stop-mult 5.0'
# span=2020-01..2023-12 fee=10 slip=5
# symbols=57
BLURUSDT 12 6 503.69 421.78 60.67
ARBUSDT 11 4 2724.48 2557.63 97.87
APTUSDT 18 8 2204.22 2459.3 112.73
APEUSDT 29 12 3501.4 5283.9 168.07
1000SHIBUSDT 36 18 2386.96 2181.44 254.02
CHZUSDT 44 22 4980.43 4159.74 264.81
1INCHUSDT 53 23 3781.75 3927.15 345.46
AXSUSDT 51 23 -2155.75 1449.85 265.8
AAVEUSDT 56 22 -4064.35 -5332.31 330.12
AVAXUSDT 49 20 -4690.28 -4766.19 300.5
CRVUSDT 53 24 3567.92 4359.37 267.38
DYDXUSDT 34 18 2525.87 2358.98 170.45
ATOMUSDT 62 22 -9641.01 -10691.12 373.85
DOTUSDT 59 26 -2531.07 -1989.6 419.59
BNBUSDT 57 24 -707.08 1044.34 529.09
BCHUSDT 59 26 1475.95 1932.79 457.02
GMXUSDT 14 5 3943.43 3634.95 127.26
ADAUSDT 65 29 118.68 -1117.18 455.56
DOGEUSDT 54 23 -5771.39 -6900.86 379.62
BTCUSDT 56 22 8088.68 6254.31 718.98
ENSUSDT 35 15 -1030.16 -1315.12 219.2
ENJUSDT 53 23 1433.45 790.96 312.64
GALAUSDT 32 19 12354.12 12047.75 177.8
INJUSDT 21 6 -8122.74 -7441.64 125.54
LDOUSDT 21 8 -4050.55 -4254.69 133.01
IMXUSDT 30 15 1481.18 1587.77 168.34
PYTHUSDT 2 1 556.78 425.82 5.69
FTMUSDT 50 25 2683.42 1790.24 236.21
FILUSDT 49 24 8417.66 7772.72 305.69
GRTUSDT 52 27 3930.48 3278.06 278.35
HBARUSDT 48 20 -4624.04 -4890.49 315.23
ICPUSDT 36 17 6014.2 5344.29 227.55
ETCUSDT 58 27 2207.22 1582.21 389.4
SEIUSDT 4 2 -1087.3 -1100.94 21.3
ETHUSDT 66 22 -8244.05 -9736.75 618.76
TIAUSDT 4 0 -2840.68 -2899.89 11.58
OPUSDT 27 9 -9172.54 -9205.07 137.98
SUIUSDT 11 5 1639.29 1734.54 65.65
MANAUSDT 42 20 5326.91 4899.32 265.8
KAVAUSDT 52 26 5153.23 5933.41 297.82
ROSEUSDT 35 15 -502.96 -508.13 218.7
WLDUSDT 7 2 -1804.28 -1785.46 31.85
IOTAUSDT 62 24 -4838.26 -4877.82 405.58
LTCUSDT 66 24 -12044.62 -13415.91 471.88
LINKUSDT 58 22 -8284.7 -9346.13 363.32
NEARUSDT 54 20 -3925.84 -4250.89 272.15
MKRUSDT 53 18 -10196.81 -11136.54 335.35
SANDUSDT 42 19 2096.17 1700.37 241.81
RUNEUSDT 55 21 -8119.12 -8243.23 295.99
SNXUSDT 55 21 -11007.84 -10986.52 267.99
SOLUSDT 51 20 -7066.16 -5422.19 264.06
UNIUSDT 54 24 -5678.93 -7031.58 347.16
TRXUSDT 68 21 -21493.41 -19371.51 735.55
VETUSDT 59 22 -903.01 -2070.53 381.67
ZILUSDT 53 25 3354.54 2082.82 309.15
XLMUSDT 61 27 -6785.86 -8411.16 448.73
XRPUSDT 60 23 -4976.94 -6456.83 470.63
