# VARIANT=baseline EXTRA=''
# span=2020-01..2023-12 fee=10 slip=5
# symbols=57
BLURUSDT 20 2 -3916.08 -3255.26 935.51
ARBUSDT 30 6 9159.81 12000 2434.12
APTUSDT 34 10 23650.22 26257.19 1950.69
APEUSDT 57 10 2398.73 8521.19 2586.74
1000SHIBUSDT 76 16 21372.62 26824.52 4725.36
AXSUSDT 116 22 11624.08 27018.98 5294.59
CHZUSDT 85 15 -12727.67 -8836.02 4148.03
1INCHUSDT 98 21 31216.57 37341.12 4646.55
DYDXUSDT 72 19 32308.91 35429.9 2862.06
AVAXUSDT 89 19 20465.95 26339.54 4160.79
CRVUSDT 110 24 30159.81 36539.77 4023.86
AAVEUSDT 116 22 21586.51 26252.55 5618.9
DOGEUSDT 120 21 10934.13 18612.8 7273.49
ADAUSDT 140 28 27456.15 35658.75 8098.22
BNBUSDT 113 21 -13020.57 -790.33 7494.26
ATOMUSDT 126 20 -16366.51 -9325.57 6333.12
DOTUSDT 118 22 12492.15 21576.26 6215.6
BTCUSDT 119 12 -58789.75 -46413.78 11155.75
GMXUSDT 31 7 15693.1 18000 2251.01
BCHUSDT 133 25 20339.87 32349.48 8579.03
ENSUSDT 69 18 36109.47 39998.52 3702.73
ENJUSDT 105 18 -6569.2 -1558.92 5112.23
INJUSDT 46 5 -14993.16 -11000 2707.95
LDOUSDT 44 9 9892.24 12727.81 2714.91
IMXUSDT 51 9 -1231.58 1896.31 2236.67
GALAUSDT 73 13 12258.31 16108.65 3473.1
PYTHUSDT 5 0 -3763.52 -3838.66 91.12
FILUSDT 91 19 22950.16 28104.69 5231.1
ICPUSDT 83 15 8750.39 12629.98 4162.13
HBARUSDT 101 14 -19759.75 -13287.74 5763.44
GRTUSDT 95 23 42487.88 46867.55 4533.17
FTMUSDT 101 23 36459.15 40374.46 4549.82
SEIUSDT 8 0 -8554.79 -8000 421.98
ETHUSDT 133 23 -163.56 8480.48 8504.19
ETCUSDT 131 24 7692.73 14296.95 7110.07
OPUSDT 49 7 -7800.53 -4550.57 2720.05
MANAUSDT 87 17 21987.82 26653 4408.99
TIAUSDT 6 0 -6087.66 -6000 125.96
WLDUSDT 15 1 -8899.69 -8000 644.04
KAVAUSDT 108 27 50014.53 55878.65 4787.04
ROSEUSDT 71 17 32794.81 37349.12 3912.88
SUIUSDT 25 6 9021.46 11069.79 1457.65
IOTAUSDT 137 25 8125.77 17858.56 7444.09
LTCUSDT 140 24 7553.65 16382.03 8464.91
LINKUSDT 122 23 20266.86 28031.69 7248.81
MKRUSDT 97 27 73288.3 77787.89 5049.44
NEARUSDT 107 21 22391.08 27991.6 4919.63
SANDUSDT 87 11 -27895.71 -23223.7 4196.87
RUNEUSDT 105 20 12742.83 16855.66 4018.37
SNXUSDT 114 21 22298.28 29570.89 5016.36
SOLUSDT 94 20 15687.82 20790.3 4292.22
UNIUSDT 117 17 -5855.64 -2059.98 5288.05
TRXUSDT 132 16 -55333.28 -37342.63 10869.76
VETUSDT 116 23 13424.33 18146.43 5367.66
ZILUSDT 107 17 -25587.23 -21117.48 4866.27
XLMUSDT 117 24 18396.21 23486.78 6026.96
XRPUSDT 122 17 -34449.36 -25674.64 8050.03
