# VARIANT=d16-atr0.75 EXTRA='--atr-stop-mult 0.75'
# span=2020-01..2023-12 fee=10 slip=5
# symbols=16
APTUSDT 33 8 21062.53 23000 1463.71
IMXUSDT 56 10 5924.22 9010.37 2160.32
ENSUSDT 80 17 31476.84 34950.43 3683.64
ROSEUSDT 69 19 54565.11 57665.09 3154.76
1000SHIBUSDT 80 16 22021.84 26298.14 4124.62
GRTUSDT 93 18 21194.75 22984.1 3376.4
1INCHUSDT 104 22 31519.23 38807.72 4640.84
RUNEUSDT 115 17 -12.53 4000 4255.34
FILUSDT 97 19 26612.18 30306.59 4416.33
AVAXUSDT 100 22 41070.71 46662.99 4271.53
DOTUSDT 124 17 -17897.71 -9055.8 6144.12
KAVAUSDT 124 20 9652.89 16000 5018.23
ADAUSDT 153 26 23499.57 30604.85 7864.42
XLMUSDT 122 18 -2051.52 2829.94 6336.91
ETCUSDT 142 23 8838.55 15317.07 7032.02
BCHUSDT 150 22 -9699.63 2517.16 8566.43
