# VARIANT=d16-atr0.5 EXTRA='--atr-stop-mult 0.5'
# span=2020-01..2023-12 fee=10 slip=5
# symbols=16
APTUSDT 36 7 9525.6 13000 2399.92
IMXUSDT 62 6 -25107.13 -20000 3684.62
ENSUSDT 85 17 26691.03 34000 6075.71
ROSEUSDT 82 15 15595.4 23000 5874.49
1000SHIBUSDT 88 17 21955.55 31000 6969.57
1INCHUSDT 115 20 11065.38 22485.61 7891.02
GRTUSDT 108 21 34019.89 39000 5884.4
FILUSDT 109 19 9923.77 19640.44 7850.03
AVAXUSDT 106 19 17784.45 27000 6997.86
RUNEUSDT 117 17 -5382.19 2000 6566.05
DOTUSDT 136 18 -25070.96 -10000 10454.41
KAVAUSDT 132 21 4224.96 15000 8070.4
BCHUSDT 159 23 -17752.63 2000 13615.49
ETCUSDT 150 19 -29168.97 -15080.01 11304.62
ADAUSDT 157 24 -2488.7 12907.28 12263.98
XLMUSDT 137 21 -2703.54 10000 10862.34
