# VARIANT=d16-atr1.5 EXTRA='--atr-stop-mult 1.5'
# span=2020-01..2023-12 fee=10 slip=5
# symbols=16
APTUSDT 27 8 18224.11 18995.7 559.66
IMXUSDT 45 13 20910.4 22213.08 885.54
ROSEUSDT 51 13 14529.49 15238.08 1112.09
ENSUSDT 51 15 25851.58 25944.43 1037.27
1000SHIBUSDT 58 16 29633.38 30194.98 1446.35
1INCHUSDT 71 19 20104.31 22374.45 1512.79
GRTUSDT 72 19 12774.6 12678.97 1274.64
AVAXUSDT 74 17 6090.4 6985.16 1519.35
RUNEUSDT 85 16 -2855.75 -2507.47 1496.49
FILUSDT 71 20 28536.79 28244.89 1588.06
KAVAUSDT 85 18 7113.11 9800.31 1655.25
DOTUSDT 93 19 10763.77 13941.25 2218.55
XLMUSDT 91 21 5027.19 3475.95 2257.6
BCHUSDT 96 18 -14761.21 -12556.61 2557.41
ADAUSDT 108 22 8457.94 7900.77 2702.24
ETCUSDT 109 27 36161.93 37292 2632.36
