# VARIANT=d16-atr1.75 EXTRA='--atr-stop-mult 1.75'
# span=2020-01..2023-12 fee=10 slip=5
# symbols=16
APTUSDT 26 8 16660.52 17282.03 469.76
IMXUSDT 41 13 19937.66 20972.25 699.3
ROSEUSDT 48 14 12899.9 13303.7 844.57
ENSUSDT 49 15 15037.33 15036.16 865.02
1INCHUSDT 70 19 13876.32 15954.01 1286.44
1000SHIBUSDT 55 14 8183.51 8744.13 1190.66
GRTUSDT 67 20 11701.65 11402.64 1034.03
FILUSDT 66 20 18855.68 18142.93 1240.71
AVAXUSDT 69 19 10513.8 11124.02 1217.1
DOTUSDT 90 19 -3133.35 -313.35 1860.28
RUNEUSDT 81 15 -18023.69 -17735.86 1237.89
KAVAUSDT 73 21 13245.32 15543.91 1205.06
ADAUSDT 102 26 32327.8 31381.43 2152.23
XLMUSDT 88 21 -2662.87 -4604.58 1880.56
ETCUSDT 96 27 31309.39 31443.3 1959.11
BCHUSDT 92 19 -13276.89 -11323.94 2084.59
