# VARIANT=d16-atr1.25 EXTRA='--atr-stop-mult 1.25'
# span=2020-01..2023-12 fee=10 slip=5
# symbols=16
APTUSDT 28 8 20279.04 21265.75 714.07
IMXUSDT 46 12 21277.63 22928.49 1076.35
ROSEUSDT 56 13 21975.03 22918.88 1457.46
ENSUSDT 58 14 22420.77 23075.44 1454.39
1000SHIBUSDT 63 16 33796.76 34449.99 1875.39
1INCHUSDT 76 19 21969.3 25078.18 2033.89
FILUSDT 80 19 27568.5 27943.74 2175.51
GRTUSDT 74 18 15179.31 15061.87 1557.88
AVAXUSDT 83 18 18172.21 19597.38 2004.71
DOTUSDT 105 20 13940.7 18445.59 3067.84
RUNEUSDT 97 17 5041.5 6342.17 2150.82
KAVAUSDT 98 18 8013.57 11069.93 2193.94
ADAUSDT 127 26 32340.86 33760.99 3798.59
XLMUSDT 102 17 -4908.4 -5398.95 3035.26
ETCUSDT 115 29 56017.37 57968.46 3346.58
BCHUSDT 108 21 19736.17 23679 3466.5
