# VARIANT=d16-atr1.0 EXTRA='--atr-stop-mult 1.0'
# span=2020-01..2023-12 fee=10 slip=5
# symbols=16
APTUSDT 29 7 16438.52 17776.95 916.58
IMXUSDT 53 11 16800.88 18757.78 1514.68
ROSEUSDT 61 15 32288.54 34177.62 2097.84
ENSUSDT 66 15 32471.05 34007.38 2221.33
1000SHIBUSDT 69 17 33027.89 34778.71 2548.23
GRTUSDT 82 18 19380.92 19966.61 2228.12
RUNEUSDT 108 18 10813.23 13446 2995.33
DOTUSDT 115 19 2806.14 9316.38 4213.68
AVAXUSDT 93 18 19920.75 22275.99 2953.34
FILUSDT 88 18 24909.9 26153.85 2995.56
1INCHUSDT 101 20 20989.67 26105.79 3366.1
KAVAUSDT 115 19 13380.24 18000 3423.29
ADAUSDT 137 25 24121.3 27644.64 5137.05
BCHUSDT 132 23 13656.18 20643.21 5555.32
ETCUSDT 132 28 41357.49 45450.24 4863.27
XLMUSDT 112 22 30538.02 31519.48 4249.12
