# VARIANT=d16-atr2.5 EXTRA='--atr-stop-mult 2.5'
# span=2020-01..2023-12 fee=10 slip=5
# symbols=16
APTUSDT 24 8 5691.33 6234.25 299.1
IMXUSDT 37 13 9731.22 10564.73 433.1
ROSEUSDT 42 13 5171.44 5280.66 516.7
ENSUSDT 47 16 9794.66 9643.64 594.35
1000SHIBUSDT 46 15 10838.37 10792.35 683.25
1INCHUSDT 61 20 9334.47 10463.9 797.26
FILUSDT 62 21 10386.81 9775.7 783.51
GRTUSDT 61 21 5667.5 4988.67 638.13
RUNEUSDT 73 20 -10180.12 -10155.49 762.68
AVAXUSDT 56 20 16003.66 16169.3 692.93
DOTUSDT 76 19 -2355.69 -628.79 1046.6
KAVAUSDT 65 27 20606.94 22095.53 724.24
XLMUSDT 76 25 -1502.35 -3747.38 1137.61
ADAUSDT 86 28 16342.07 14926.2 1259.63
BCHUSDT 72 23 2936.32 4364.21 1118.46
ETCUSDT 77 24 11690.37 11050.69 1076.85
