# VARIANT=d16-atr2.0 EXTRA='--atr-stop-mult 2.0'
# span=2020-01..2023-12 fee=10 slip=5
# symbols=16
APTUSDT 25 8 8425.76 9042.82 401.25
IMXUSDT 39 13 18252.56 19225.72 579.69
ROSEUSDT 46 14 6113.95 6453.24 713.53
ENSUSDT 47 16 18298.63 18194.04 742.94
1000SHIBUSDT 50 14 7857.01 8220.36 931.49
GRTUSDT 65 20 7124.51 6580.18 871.55
AVAXUSDT 67 19 8126.48 8608.52 1040.9
1INCHUSDT 66 19 9330.93 10975.64 1082.9
FILUSDT 64 21 18491.83 17614.06 1037.31
RUNEUSDT 75 19 -4331.62 -4127.89 981.74
KAVAUSDT 69 24 24075.14 25853.22 972.09
DOTUSDT 86 19 -5223.2 -2817.82 1566.25
XLMUSDT 83 22 -4971.24 -7061.18 1523.59
BCHUSDT 84 19 -6822.54 -5767.11 1657.34
ADAUSDT 95 27 19715.25 18286.4 1759.54
ETCUSDT 91 26 22574.75 22248.99 1635.47
