# VARIANT=d16-base EXTRA=''
# span=2020-01..2023-12 fee=10 slip=5
# symbols=16
APTUSDT 34 10 23650.22 26257.19 1950.69
IMXUSDT 51 9 -1231.58 1896.31 2236.67
ROSEUSDT 71 17 32794.81 37349.12 3912.88
ENSUSDT 69 18 36109.47 39998.52 3702.73
1000SHIBUSDT 76 16 21372.62 26824.52 4725.36
1INCHUSDT 98 21 31216.57 37341.12 4646.55
FILUSDT 91 19 22950.16 28104.69 5231.1
GRTUSDT 95 23 42487.88 46867.55 4533.17
RUNEUSDT 105 20 12742.83 16855.66 4018.37
AVAXUSDT 89 19 20465.95 26339.54 4160.79
DOTUSDT 118 22 12492.15 21576.26 6215.6
KAVAUSDT 108 27 50014.53 55878.65 4787.04
ETCUSDT 131 24 7692.73 14296.95 7110.07
XLMUSDT 117 24 18396.21 23486.78 6026.96
BCHUSDT 133 25 20339.87 32349.48 8579.03
ADAUSDT 140 28 27456.15 35658.75 8098.22
