# VARIANT=d16-conf1d EXTRA='--confluence-1d-mode'
# span=2020-01..2023-12 fee=10 slip=5
# symbols=16
APTUSDT 18 4 5818.39 7601.93 1045.85
IMXUSDT 25 5 -2035.22 -103.69 1205.71
ROSEUSDT 38 14 53769.55 56487.94 2376.52
ENSUSDT 35 10 22123.15 23612.15 1491.01
1000SHIBUSDT 42 8 7202.75 10211.97 2796.31
GRTUSDT 55 16 49019.54 51945.07 2875.39
1INCHUSDT 53 12 16058.04 19993.21 2389.65
DOTUSDT 56 17 53343.31 59542.36 3405.87
FILUSDT 61 9 -4816.63 -913.05 3747.63
RUNEUSDT 47 12 21971.68 24101.57 1823.57
AVAXUSDT 41 10 17720.76 20971.47 2337.55
KAVAUSDT 54 17 45430.39 49807.18 2765.25
ADAUSDT 60 13 17134.41 21622.25 3886.37
BCHUSDT 75 13 1096.51 9045.93 5268.12
XLMUSDT 52 16 36795.02 39271.25 3184.9
ETCUSDT 59 14 23682.23 26263.42 3649.93
