# VARIANT=d16-mh1008 EXTRA='--max-hold-hours 1008'
# span=2020-01..2023-12 fee=10 slip=5
# symbols=16
APTUSDT 31 8 15381.82 17727.18 1703.71
IMXUSDT 50 7 -6020.05 -2839.94 2121.03
ROSEUSDT 65 12 9607.72 13390.28 3330.37
ENSUSDT 57 14 23838.17 26980.21 3135
1000SHIBUSDT 68 15 26739.61 31003.25 3949.83
1INCHUSDT 92 19 30002.15 35299.58 4208.67
AVAXUSDT 84 17 28923.77 33736.83 3903.26
GRTUSDT 87 21 44353.05 47555.63 4149.42
DOTUSDT 114 21 20229.18 28453.52 5852.16
FILUSDT 84 18 28779 33213.16 4852.75
RUNEUSDT 97 17 6575.15 10006.4 3549.37
KAVAUSDT 104 25 51973.46 57723.58 4680.05
XLMUSDT 107 21 20109.7 23957.19 5346.53
BCHUSDT 122 24 16464.86 27025.03 7796.53
ETCUSDT 124 21 4175.35 10323.13 6571.31
ADAUSDT 139 25 26271.03 34356.86 8108.34
