# VARIANT=d16-mh336 EXTRA='--max-hold-hours 336'
# span=2020-01..2023-12 fee=10 slip=5
# symbols=16
APTUSDT 35 11 25614.6 28362.11 1998.55
IMXUSDT 52 11 2734.21 5968.76 2276.82
ROSEUSDT 74 19 37655.36 42548.86 4168.07
ENSUSDT 76 19 35619.67 40107.26 4119.69
1000SHIBUSDT 79 18 20380.67 26162.72 4872.26
GRTUSDT 99 24 35678.9 40748.92 4774.78
1INCHUSDT 100 23 31125.48 37221.05 4645.47
AVAXUSDT 93 22 29147.71 35915.5 4648.29
RUNEUSDT 106 21 14357.72 18448.66 3920.19
DOTUSDT 123 24 13685.24 23687.32 6759.58
FILUSDT 97 21 21143.66 27145.83 5649.88
KAVAUSDT 114 29 55445 61999.52 5402.95
ETCUSDT 135 27 12187.6 19227.58 7427.69
XLMUSDT 124 27 18857.21 24965.9 6587.66
BCHUSDT 142 30 11716.24 25197.14 9440.08
ADAUSDT 145 30 27951.03 36642.28 8578.51
