# VARIANT=d16-mh720 EXTRA='--max-hold-hours 720'
# span=2020-01..2023-12 fee=10 slip=5
# symbols=16
APTUSDT 32 8 14609.93 17041.51 1761.68
ROSEUSDT 66 13 8975.23 12782.48 3347.92
IMXUSDT 50 7 -7398.62 -4428.35 2121.03
ENSUSDT 62 16 34691.11 38134.28 3434.24
1000SHIBUSDT 73 16 27037.36 31710.21 4260.25
GRTUSDT 93 21 36599.54 41007.82 4611.97
1INCHUSDT 95 19 23794.32 29416.02 4475.41
FILUSDT 88 19 27838.67 32490.83 5012.92
RUNEUSDT 101 18 1496.49 5301.54 3757.76
KAVAUSDT 108 26 50029.94 55597.64 4803.97
DOTUSDT 116 21 15878.28 24497.01 6065.7
AVAXUSDT 86 19 31799.71 37156.96 4046.31
XLMUSDT 112 23 25167.02 29617.97 5606.91
ADAUSDT 140 27 32861.68 41085.09 8239.2
ETCUSDT 128 22 7350.93 13676.31 6919.94
BCHUSDT 129 24 8517.4 20000.77 8264.67
