# VARIANT=d16-trail EXTRA='--trailing-stop-mode'
# span=2020-01..2023-12 fee=10 slip=5
# symbols=16
APTUSDT 38 12 6679.46 10000 2086.76
IMXUSDT 60 11 2449.6 6362.49 2680.56
ENSUSDT 85 32 16269.69 22836.06 4616.06
ROSEUSDT 80 23 4187.25 10306.86 4489.22
1000SHIBUSDT 88 22 -7027.99 1000 5745.54
GRTUSDT 110 31 -1810.39 5270.14 5193.94
1INCHUSDT 114 37 15457.87 23771.17 5573.66
FILUSDT 111 27 11440.2 20111.98 6511.52
DOTUSDT 135 34 -6742.47 5020.3 7683.1
AVAXUSDT 103 32 8726.41 16120.94 5253.38
RUNEUSDT 116 28 -10442.19 -4000 4706.92
KAVAUSDT 128 42 33795.16 42004.33 5957.75
ETCUSDT 144 42 10290.33 22101.65 7989.33
XLMUSDT 130 33 -9490.34 -743.4 6370.15
BCHUSDT 153 43 23358.02 39388.67 10270.78
ADAUSDT 157 43 -15517.48 -2567.6 9515.04
