# VARIANT=d16-vol EXTRA='--vol-filter-mode'
# span=2020-01..2023-12 fee=10 slip=5
# symbols=16
APTUSDT 21 6 9462.73 11257.19 1308.31
IMXUSDT 31 3 -17831.82 -15637.51 1501.61
ENSUSDT 48 10 8592.05 11367.74 2831.31
ROSEUSDT 55 10 782.93 4349.12 3134.58
1000SHIBUSDT 56 11 7427.76 11824.52 3954.38
1INCHUSDT 64 14 14814.96 19857.98 3561.61
GRTUSDT 44 10 14540.25 17189.69 2596.41
FILUSDT 63 11 6332.44 9686.65 3768.35
AVAXUSDT 49 9 -16.67 3892.62 2865.82
KAVAUSDT 57 13 23882.69 28293.55 2886.93
RUNEUSDT 39 7 -7489.03 -4937.13 2111.13
DOTUSDT 80 14 1730.78 9562.66 4940.25
ADAUSDT 111 24 30895.33 38276.68 7288.63
BCHUSDT 108 21 18074.9 29349.48 7574.9
ETCUSDT 93 20 22504.05 26436.93 5718.56
XLMUSDT 89 17 -3282.4 2486.78 5019.6
