# VARIANT=atr0.75 EXTRA='--atr-stop-mult 0.75'
# span=2020-01..2023-12 fee=10 slip=5
# symbols=57
BLURUSDT 20 4 7383.2 8000 822.94
ARBUSDT 23 4 1818.91 2822.66 1350.53
APTUSDT 33 8 21062.53 23000 1463.71
APEUSDT 72 10 -9066.45 -2000 3074.25
1000SHIBUSDT 80 16 22021.84 26298.14 4124.62
CHZUSDT 96 11 -20778.39 -17415.97 4110.04
1INCHUSDT 104 22 31519.23 38807.72 4640.84
AXSUSDT 117 18 -2338.92 11064.5 4631.38
AVAXUSDT 100 22 41070.71 46662.99 4271.53
CRVUSDT 120 22 27722.9 34000 4285.77
AAVEUSDT 121 23 32607.89 36335.71 5069.35
DYDXUSDT 76 15 23407.06 25564.72 2605.31
BNBUSDT 128 14 -43658.22 -30000 8758.76
DOGEUSDT 131 20 2254.8 9000 6823.11
BCHUSDT 150 22 -9699.63 2517.16 8566.43
DOTUSDT 124 17 -17897.71 -9055.8 6144.12
ADAUSDT 153 26 23499.57 30604.85 7864.42
ATOMUSDT 142 24 18524.64 25989.72 6357.35
GMXUSDT 34 7 13091.06 15000 2273.24
BTCUSDT 127 22 11125.94 21092.98 10763.38
ENSUSDT 80 17 31476.84 34950.43 3683.64
ENJUSDT 117 18 4422.64 9000 5416.77
GALAUSDT 75 14 21853.79 24999.47 3000.38
INJUSDT 44 5 -12637.94 -9000 1753.49
LDOUSDT 44 7 3403.03 5000 1885.74
IMXUSDT 56 10 5924.22 9010.37 2160.32
PYTHUSDT 5 0 -4996.52 -5000 108.55
FILUSDT 97 19 26612.18 30306.59 4416.33
FTMUSDT 113 23 38907.51 42550.06 4353.37
GRTUSDT 93 18 21194.75 22984.1 3376.4
HBARUSDT 101 14 -9146.9 -5304 4701.32
ICPUSDT 86 12 -10112.65 -6741.68 3807.97
ETCUSDT 142 23 8838.55 15317.07 7032.02
SEIUSDT 8 0 -8410.02 -8000 288.97
ETHUSDT 145 21 -5911.61 3437.72 9043.84
TIAUSDT 6 0 -6057.19 -6000 120.32
OPUSDT 51 8 2868.1 5000 1970.39
KAVAUSDT 124 20 9652.89 16000 5018.23
SUIUSDT 24 7 20806.77 22175.17 1091.34
WLDUSDT 15 1 -8710.83 -8000 509.65
MANAUSDT 89 16 20115.86 24432.53 4074.5
ROSEUSDT 69 19 54565.11 57665.09 3154.76
IOTAUSDT 147 24 11999.67 21000 7018.88
LINKUSDT 129 18 -6584.87 -597.62 5833.42
NEARUSDT 113 15 -10864.62 -6133.41 4176.74
LTCUSDT 145 18 -26000.07 -19000 7537.55
MKRUSDT 105 23 41783.56 45839.56 4815.1
SANDUSDT 91 14 3041.56 7000 3828.47
RUNEUSDT 115 17 -12.53 4000 4255.34
SOLUSDT 98 15 -1177.84 2532.34 3430.01
SNXUSDT 116 20 20486 25707.54 3988.52
UNIUSDT 131 19 -2824.01 2000 5994.22
VETUSDT 130 22 16574.64 22300.97 5772.87
TRXUSDT 149 14 -84305.24 -64425.03 11554.76
XLMUSDT 122 18 -2051.52 2829.94 6336.91
ZILUSDT 120 20 15223.47 20000 5003.42
XRPUSDT 142 19 -14375.39 -7182.26 7915.69
