# VARIANT=atr0.5 EXTRA='--atr-stop-mult 0.5'
# span=2020-01..2023-12 fee=10 slip=5
# symbols=57
BLURUSDT 22 5 11576.82 13000 1367.23
ARBUSDT 33 7 12257.01 16000 3047.82
APTUSDT 36 7 9525.6 13000 2399.92
APEUSDT 72 9 -17161.71 -9000 4611.37
1000SHIBUSDT 88 17 21955.55 31000 6969.57
AXSUSDT 124 18 -10468.84 4596.75 7424.22
CHZUSDT 105 11 -32968.44 -24994.63 6854
CRVUSDT 122 21 15802.51 25000 6490.57
AAVEUSDT 130 21 8194.08 17000 8190.56
1INCHUSDT 115 20 11065.38 22485.61 7891.02
DYDXUSDT 89 18 34497.5 40304.5 4852.12
AVAXUSDT 106 19 17784.45 27000 6997.86
BNBUSDT 132 14 -54753.99 -34000 13579.84
BCHUSDT 159 23 -17752.63 2000 13615.49
ADAUSDT 157 24 -2488.7 12907.28 12263.98
ATOMUSDT 144 22 2511.21 15056.23 9645.73
DOTUSDT 136 18 -25070.96 -10000 10454.41
DOGEUSDT 139 25 22749.96 36000 10798.74
GMXUSDT 36 5 -5438.45 -1000 3547
BTCUSDT 136 18 -33055.89 -10000 17822.08
ENJUSDT 129 17 -21854.77 -10000 9119.55
ENSUSDT 85 17 26691.03 34000 6075.71
INJUSDT 47 7 -2424.85 2000 2896.84
GALAUSDT 75 10 -10584.12 -5000 4500.58
LDOUSDT 48 11 25467.56 29000 3138.03
IMXUSDT 62 6 -25107.13 -20000 3684.62
PYTHUSDT 5 0 -5243.16 -5000 162.83
FILUSDT 109 19 9923.77 19640.44 7850.03
ICPUSDT 92 13 -8852.13 -1000 6412.04
HBARUSDT 117 11 -50802.38 -40000 8496.69
FTMUSDT 125 22 20856.17 29000 7299.42
GRTUSDT 108 21 34019.89 39000 5884.4
SEIUSDT 8 0 -8791.39 -8000 433.46
ETHUSDT 154 23 -10800.57 7000 14825.97
ETCUSDT 150 19 -29168.97 -15080.01 11304.62
OPUSDT 51 4 -26776.76 -23000 2955.58
TIAUSDT 6 0 -6136.44 -6000 180.48
SUIUSDT 26 6 13734.02 16000 1788.68
KAVAUSDT 132 21 4224.96 15000 8070.4
IOTAUSDT 160 26 5007.63 22000 11723.74
WLDUSDT 15 0 -16177.33 -15000 764.48
ROSEUSDT 82 15 15595.4 23000 5874.49
MANAUSDT 94 15 3459.28 11000 6523.48
LINKUSDT 135 19 -9756.91 1103.57 9096.53
MKRUSDT 113 19 5511.81 14401.23 7822.03
NEARUSDT 120 13 -37470.31 -29000 6880.4
LTCUSDT 155 21 -22973.09 -8000 12432.93
SANDUSDT 95 14 -4500.36 3000 6171.76
RUNEUSDT 117 17 -5382.19 2000 6566.05
SNXUSDT 118 16 -14984.5 -6000 6123.64
SOLUSDT 107 20 25622.15 33000 5984.63
UNIUSDT 136 23 14566.38 25000 9299.62
TRXUSDT 156 10 -114703.28 -86000 17816.45
VETUSDT 134 24 22755.72 34000 9129.7
ZILUSDT 126 20 4928.57 14000 7895.05
XLMUSDT 137 21 -2703.54 10000 10862.34
XRPUSDT 155 26 12333.91 29226.61 13554.87
