# VARIANT=atr1.25 EXTRA='--atr-stop-mult 1.25'
# span=2020-01..2023-12 fee=10 slip=5
# symbols=57
BLURUSDT 16 3 -3798.16 -3958.72 341.89
ARBUSDT 21 4 1021.57 1246.13 706.8
APTUSDT 28 8 20279.04 21265.75 714.07
APEUSDT 49 10 4565.23 10594.42 1204.3
CHZUSDT 81 14 -9162.26 -8662.35 2001.02
1000SHIBUSDT 63 16 33796.76 34449.99 1875.39
AXSUSDT 99 22 29732.08 41850.51 2321.41
AVAXUSDT 83 18 18172.21 19597.38 2004.71
CRVUSDT 98 21 29081.31 32524.97 2066.03
AAVEUSDT 107 21 25216.9 24813.94 2694.43
1INCHUSDT 76 19 21969.3 25078.18 2033.89
DYDXUSDT 57 14 22009.24 22430.75 1209.24
BTCUSDT 113 15 -22316.12 -18869.22 5762.52
ADAUSDT 127 26 32340.86 33760.99 3798.59
BNBUSDT 110 17 -3089.84 4194.82 4300.69
GMXUSDT 28 7 17636.92 18022.18 1076.57
BCHUSDT 108 21 19736.17 23679 3466.5
DOTUSDT 105 20 13940.7 18445.59 3067.84
ATOMUSDT 117 19 -3855.18 -3209.1 2916.71
DOGEUSDT 100 16 -6071.35 -5373.89 2896.15
ENSUSDT 58 14 22420.77 23075.44 1454.39
ENJUSDT 97 22 37533.26 38693.54 2486.53
LDOUSDT 39 7 238.93 655.87 987.69
INJUSDT 37 5 -7601.24 -5480.58 849.96
GALAUSDT 55 20 58039.89 58146.95 1259.74
IMXUSDT 46 12 21277.63 22928.49 1076.35
PYTHUSDT 2 1 2778.76 2196.05 21.94
GRTUSDT 74 18 15179.31 15061.87 1557.88
FTMUSDT 83 23 55185.53 54931.63 1611.26
FILUSDT 80 19 27568.5 27943.74 2175.51
ICPUSDT 66 14 17843.53 18169.32 1684.55
HBARUSDT 85 18 19982.17 20741.35 2276.48
ETCUSDT 115 29 56017.37 57968.46 3346.58
SEIUSDT 7 1 -2206.04 -2090.31 135.36
TIAUSDT 5 0 -4992.95 -5000 59.01
OPUSDT 40 8 6392.42 6990.62 850.99
ETHUSDT 136 16 -38552.42 -35251.04 5145.88
SUIUSDT 21 6 12497.49 13152.2 528.73
WLDUSDT 15 2 -1329.82 -1000 305.79
KAVAUSDT 98 18 8013.57 11069.93 2193.94
MANAUSDT 72 18 28894.82 29756.69 1818.88
IOTAUSDT 125 21 5740.83 8721.24 3484.98
ROSEUSDT 56 13 21975.03 22918.88 1457.46
LINKUSDT 113 20 12704.32 14013.03 2975.35
NEARUSDT 93 18 24522.29 25432.76 1856.64
LTCUSDT 109 20 10102.04 9705.27 3147.9
MKRUSDT 88 20 29139.3 30015.86 2411.43
SANDUSDT 71 15 18634.39 18527.81 1672.44
RUNEUSDT 97 17 5041.5 6342.17 2150.82
SOLUSDT 89 15 2378.02 4136.47 1897.92
SNXUSDT 100 18 16846.72 19401.65 2025.65
UNIUSDT 109 19 18070.07 17579.2 2754.42
VETUSDT 101 20 26557.3 26184.22 2589.38
TRXUSDT 127 17 -38596.32 -27396.65 5853.74
ZILUSDT 97 18 10723.15 10031.59 2318.97
XLMUSDT 102 17 -4908.4 -5398.95 3035.26
XRPUSDT 115 16 -26755.18 -24880.14 3699.95
