# VARIANT=atr1.5-mh720 EXTRA='--atr-stop-mult 1.5 --max-hold-hours 720'
# span=2020-01..2023-12 fee=10 slip=5
# symbols=57
BLURUSDT 15 2 -1894.73 -2172.32 258.64
ARBUSDT 19 4 6261.98 6294.62 489.14
APTUSDT 25 7 20847.34 21498.95 510.6
APEUSDT 39 9 10041.97 15192.86 719.72
1000SHIBUSDT 57 15 32194.13 32505.99 1378.86
CHZUSDT 67 11 -9250.59 -9955.95 1289.36
1INCHUSDT 68 14 7507.83 9664.67 1387.97
AXSUSDT 83 18 17132.66 28567.37 1557.58
AVAXUSDT 74 14 3526.29 4812.21 1554.37
AAVEUSDT 94 14 -9394.56 -10459.65 1959.69
CRVUSDT 78 18 22819.04 25496.04 1378.46
DYDXUSDT 50 12 19073.24 19256.73 890.11
ADAUSDT 104 18 2984.96 2432.32 2566.52
BTCUSDT 95 14 -13484.72 -12856.57 3893.55
BNBUSDT 87 15 -3156.74 2092.15 2580.81
BCHUSDT 89 17 -2150.44 -100.61 2343.75
ATOMUSDT 93 16 3905.74 2455.03 1919.19
GMXUSDT 23 5 12116.07 12000 701.51
DOGEUSDT 82 15 1633.01 901.72 1790.03
DOTUSDT 89 17 12562.31 15455.12 2116.52
ENJUSDT 82 19 27566.28 27969.19 1682.3
ENSUSDT 47 12 24492.13 24432 1038.25
INJUSDT 32 5 -11756.55 -9706.95 592.9
GALAUSDT 48 13 28042.14 27935.99 915.65
LDOUSDT 33 4 -14471.36 -14448.36 665.23
IMXUSDT 41 9 10632.06 11777.49 787.78
PYTHUSDT 2 0 2327.41 1834.88 18.28
FTMUSDT 70 17 25176.97 24067.35 1111.18
FILUSDT 68 17 31166.77 30747.21 1540.72
ETCUSDT 102 25 37639.78 38496.1 2432.84
ICPUSDT 61 12 10896.61 10574.1 1302.68
GRTUSDT 68 15 11830.67 11322.23 1153.68
ETHUSDT 119 15 -29696.39 -28546.91 3648.71
HBARUSDT 73 13 632.6 781.75 1632.76
TIAUSDT 5 0 -4980.96 -5000 49.17
SEIUSDT 7 1 -2548.81 -2457.89 112.8
OPUSDT 36 8 10372.05 10780.51 645.98
SUIUSDT 16 4 6590.31 6797.48 276.7
MANAUSDT 61 12 9161.44 9109.45 1189.22
KAVAUSDT 82 14 32.53 2396.61 1485.25
IOTAUSDT 107 19 9679.68 11045.32 2439.52
ROSEUSDT 47 9 5529.13 6152.81 1056.54
WLDUSDT 14 1 -7238.28 -7000 229.83
LINKUSDT 98 19 18071.39 18043.03 2041.71
LTCUSDT 97 17 915.23 143.63 2341.2
NEARUSDT 83 15 11636.55 11874.06 1363.93
MKRUSDT 76 17 25142.31 24936.41 1665.08
SANDUSDT 60 14 18747.1 18188.6 1170.93
RUNEUSDT 82 11 -9856.33 -9589.5 1464.12
SOLUSDT 72 13 -799.69 355.72 1287.15
UNIUSDT 94 15 -1734.52 -3167.65 1990.81
SNXUSDT 87 16 12674.62 14507.21 1434.6
TRXUSDT 114 13 -45126.33 -36574.72 4172.44
ZILUSDT 83 16 6434.8 5244.29 1671.7
VETUSDT 94 21 34736.85 33586.55 1948.72
XLMUSDT 86 15 238.46 -1358.83 2187.57
XRPUSDT 90 15 -2954.41 -3405.04 2250.79
