# VARIANT=atr1.0 EXTRA='--atr-stop-mult 1.0'
# span=2020-01..2023-12 fee=10 slip=5
# symbols=57
BLURUSDT 16 3 -1284.97 -1455.98 427.37
ARBUSDT 21 3 -3487.82 -3133 883.5
APTUSDT 29 7 16438.52 17776.95 916.58
APEUSDT 53 10 999.55 7589.86 1655.74
1000SHIBUSDT 69 17 33027.89 34778.71 2548.23
1INCHUSDT 101 20 20989.67 26105.79 3366.1
CHZUSDT 85 14 -4581.35 -3548.85 2610.51
AAVEUSDT 114 24 43183.22 43590.27 3566.97
AVAXUSDT 93 18 19920.75 22275.99 2953.34
AXSUSDT 107 22 28296.98 41990.24 3130.25
DYDXUSDT 72 16 30627.53 31855.18 1870.42
CRVUSDT 114 25 47185.54 51660.23 3038.38
BNBUSDT 122 20 7910.19 18000 6140.12
BCHUSDT 132 23 13656.18 20643.21 5555.32
BTCUSDT 125 18 -12623.06 -6180.26 7979.6
ATOMUSDT 131 22 10192.83 12858.24 4253.09
ADAUSDT 137 25 24121.3 27644.64 5137.05
DOGEUSDT 117 18 2130.4 4755.92 4393.82
GMXUSDT 30 7 18176.7 19000 1478.84
DOTUSDT 115 19 2806.14 9316.38 4213.68
ENSUSDT 66 15 32471.05 34007.38 2221.33
ENJUSDT 103 20 27775.36 29273.74 3346.62
INJUSDT 38 5 -3329.59 -924.97 1103.29
LDOUSDT 44 7 -1032.9 -15.12 1414.3
IMXUSDT 53 11 16800.88 18757.78 1514.68
GALAUSDT 63 21 69518.15 70266.66 1838.61
PYTHUSDT 5 0 -3681.21 -3816.73 81.42
HBARUSDT 93 17 14999.68 17083.79 3257
ICPUSDT 77 15 15208.78 16711.66 2526.8
FILUSDT 88 18 24909.9 26153.85 2995.56
GRTUSDT 82 18 19380.92 19966.61 2228.12
FTMUSDT 94 22 40466.09 41362.72 2542.69
SEIUSDT 8 1 -1202.86 -1000 216.73
ETCUSDT 132 28 41357.49 45450.24 4863.27
ETHUSDT 138 21 -1807.16 3168.8 6343.23
TIAUSDT 6 0 -6037.43 -6000 90.24
OPUSDT 45 6 -4067.64 -3000 1208.17
SUIUSDT 22 6 14214.61 15070.11 700.52
IOTAUSDT 137 22 9159.41 14133.88 4790.29
KAVAUSDT 115 19 13380.24 18000 3423.29
ROSEUSDT 61 15 32288.54 34177.62 2097.84
MANAUSDT 83 18 38831.55 40739.74 2643.26
WLDUSDT 15 2 -1463.77 -1000 382.24
LINKUSDT 123 20 5086.3 8171.82 4101.62
MKRUSDT 95 24 55896.74 57996.98 3345.47
NEARUSDT 103 17 7546.12 10162.95 2745.72
LTCUSDT 132 22 10642.99 13386.34 5005.92
SANDUSDT 79 14 10557.55 11294.03 2422.91
RUNEUSDT 108 18 10813.23 13446 2995.33
SNXUSDT 107 18 13833.96 17049.22 2770.37
SOLUSDT 92 16 14049.56 16629.05 2435.12
UNIUSDT 118 23 41921.39 43000 3952.26
VETUSDT 113 21 20199.53 21634.35 3553.51
XLMUSDT 112 22 30538.02 31519.48 4249.12
TRXUSDT 137 17 -47491.79 -32703.79 7959.84
ZILUSDT 107 16 -3082.31 -1939.94 3175.56
XRPUSDT 127 18 -12996.09 -9339.78 5255.13
