# VARIANT=atr1.5-mh336 EXTRA='--atr-stop-mult 1.5 --max-hold-hours 336'
# span=2020-01..2023-12 fee=10 slip=5
# symbols=57
BLURUSDT 18 4 -3780.15 -3796 341.44
ARBUSDT 23 7 13105.8 13352.57 669.33
APTUSDT 30 12 22460.88 23202.63 642.92
APEUSDT 48 16 23038.89 28307.61 965.02
1000SHIBUSDT 67 21 27205.77 28357.91 1692.7
AAVEUSDT 105 23 1522.26 1181.64 2192.95
CHZUSDT 83 21 -9133.1 -8703.1 1698.51
1INCHUSDT 79 26 31847.01 35123.39 1624.76
AXSUSDT 99 26 26361.42 37617.78 1948.98
AVAXUSDT 85 22 11237.17 13411.15 1812.87
CRVUSDT 95 24 26869.22 29877.78 1649.68
DYDXUSDT 60 20 23152.63 23668.62 1043.36
ADAUSDT 117 29 10425.13 10308.01 2946.93
BNBUSDT 104 24 5238.13 12099.17 3478.78
ATOMUSDT 109 25 955.25 1192.46 2343.52
BTCUSDT 108 15 -32358.44 -30399.22 4590.87
BCHUSDT 111 29 -3166.21 646.4 3133.89
DOTUSDT 100 26 22071.75 25508.28 2397.54
GMXUSDT 25 9 20697.11 20770.08 762.44
DOGEUSDT 98 23 -8859 -8458.71 2408.04
ENJUSDT 95 26 29731.78 31098.49 2094.41
ENSUSDT 63 18 24214.62 24938.84 1411.84
INJUSDT 38 8 -6187.61 -4086.7 748.92
GALAUSDT 60 22 36682.29 37298.47 1199.44
LDOUSDT 39 6 -17052.36 -16672.52 826.57
IMXUSDT 49 17 18424.01 20181.98 949.64
PYTHUSDT 4 1 422.43 6.22 42.53
FILUSDT 81 27 44223.24 44598.9 1879.37
FTMUSDT 84 31 42221.85 41693.54 1404.44
ETCUSDT 117 34 47056.77 48824.2 2875.05
HBARUSDT 89 23 -2108.66 -1123.94 2077.49
ICPUSDT 68 19 23812.69 23924.84 1481.53
GRTUSDT 82 25 26248.25 26372.37 1469.97
SEIUSDT 7 1 -5093.93 -4980.81 112.8
ETHUSDT 126 21 -26924.24 -25170.35 3904.85
TIAUSDT 5 0 -4980.96 -5000 49.17
OPUSDT 43 12 7796.98 8418.87 768.76
KAVAUSDT 92 24 17214.88 20402.46 1792.53
SUIUSDT 21 6 9009.51 9498.27 429.77
MANAUSDT 73 22 24681.28 25390.99 1586.09
LTCUSDT 107 28 12499.98 12682.98 2641.32
IOTAUSDT 124 26 4513.05 6472.69 2856.47
WLDUSDT 14 1 -7238.28 -7000 229.83
LINKUSDT 108 24 18481.79 19104.02 2324.94
ROSEUSDT 57 16 15799.13 16757.2 1249.24
MKRUSDT 90 24 19944.94 20889.25 2073.8
NEARUSDT 94 22 11190.53 12258.72 1733.78
SANDUSDT 68 22 23099.95 23214.16 1355.75
RUNEUSDT 92 20 -5944.55 -5150.76 1661.74
SNXUSDT 100 24 10349.44 12673.83 1698.49
SOLUSDT 84 22 12607.57 13967.39 1502.31
UNIUSDT 107 23 11506.15 10778.97 2342.97
TRXUSDT 127 21 -45482.51 -36134.7 4713.44
XRPUSDT 111 29 12457.93 13482.99 2997.49
ZILUSDT 95 25 7350.02 7145.53 1925.2
XLMUSDT 105 26 1219.26 857.88 2705.86
VETUSDT 104 28 34596.07 34378.32 2237.88
