# VARIANT=atr1.5-atr7 EXTRA='--atr-stop-mult 1.5 --atr-period 7'
# span=2020-01..2023-12 fee=10 slip=5
# symbols=57
BLURUSDT 16 3 -5005.07 -5156.48 299.85
ARBUSDT 20 4 1161.74 1299.22 594.17
APTUSDT 27 8 18033.89 18824.03 584.49
APEUSDT 40 10 10005.14 14854.46 736.1
1000SHIBUSDT 58 15 19800.58 20480.37 1501.61
1INCHUSDT 70 19 16283.24 18702.12 1539.48
AXSUSDT 87 22 21970.82 33413.61 1719.46
CRVUSDT 87 23 30122.92 32790.16 1488.09
AAVEUSDT 97 19 12851.27 11845.13 2048.18
CHZUSDT 73 17 -388.74 -763.52 1482.26
AVAXUSDT 77 17 -358.77 559.18 1609.08
DYDXUSDT 56 14 14718.42 15025.9 976.01
ATOMUSDT 107 21 13043.33 12252.04 2217.64
BCHUSDT 101 21 4120.48 6883.05 2729.61
BNBUSDT 96 20 16448.61 22163.19 3031.98
DOGEUSDT 89 17 5149.39 5129.2 2128.17
ADAUSDT 112 25 26300.03 26018 2831.73
DOTUSDT 94 18 -1715.4 1325.77 2248.3
BTCUSDT 100 12 -35733.25 -34324.21 4186.01
GMXUSDT 20 5 7298.53 6968.52 631.49
ENSUSDT 51 16 27171.55 27248.65 1043.51
ENJUSDT 83 20 27006.54 27622.4 1665.31
INJUSDT 36 5 -11660.44 -9296.74 718.69
GALAUSDT 53 17 28517.89 28639.06 1020.2
LDOUSDT 37 5 -12524.57 -12289.3 784.29
IMXUSDT 45 12 18814.72 20084.59 887.86
FILUSDT 70 21 30094.66 29924.52 1606.7
PYTHUSDT 2 1 2661.24 2099.85 21.02
FTMUSDT 78 24 46754.52 46263.04 1274.74
GRTUSDT 68 20 13586.24 13428.7 1215.79
ICPUSDT 64 15 18719.35 18675.06 1357.29
ETCUSDT 102 26 38120.53 38770.09 2479.71
HBARUSDT 83 18 11309.06 11614.61 1883.99
ETHUSDT 119 19 -23813.51 -22416.52 3707.67
SEIUSDT 7 1 -2740.14 -2657.07 111.46
TIAUSDT 5 0 -4984.91 -5000 54.82
OPUSDT 38 8 5811.23 6225.44 688.29
SUIUSDT 20 6 8415.95 8887.74 407.31
MANAUSDT 67 17 23367.74 23891 1448.72
KAVAUSDT 85 18 3234.79 5954.87 1682.31
WLDUSDT 15 2 -1230.05 -1000 256.03
IOTAUSDT 115 21 -1098.1 656.89 2653.16
ROSEUSDT 51 14 14150.52 14819.78 1088.71
LINKUSDT 102 22 27712.69 28089.35 2264.71
NEARUSDT 87 17 7979.28 8439.2 1515.15
MKRUSDT 82 19 19067.45 19436.74 1901.15
LTCUSDT 97 20 4282.28 3325.51 2369.95
RUNEUSDT 85 16 -7519.77 -7065.49 1516.62
SANDUSDT 63 19 37220.19 36748.87 1292.74
SOLUSDT 77 19 17369.25 18758.5 1417.82
SNXUSDT 90 18 17079.35 19283.3 1561.72
UNIUSDT 99 19 5526.47 4703.75 2126.57
TRXUSDT 118 15 -48039.96 -39306.42 4291.38
VETUSDT 95 20 24752.35 24033.73 2008.62
XLMUSDT 94 18 -11443.28 -12872.36 2386
ZILUSDT 90 19 4864.38 3756.7 1780.14
XRPUSDT 95 20 -3857.71 -3305.87 2514.39
