# VARIANT=atr1.5-trail EXTRA='--atr-stop-mult 1.5 --trailing-stop-mode'
# span=2020-01..2023-12 fee=10 slip=5
# symbols=57
BLURUSDT 21 7 2666.94 3000 409.43
ARBUSDT 28 9 6209.73 7000 832.89
APTUSDT 38 9 7035.6 8408.57 852.9
APEUSDT 52 14 -1829.44 2038.34 1064.79
1000SHIBUSDT 77 22 5189.36 7000 1974.75
1INCHUSDT 108 31 5571.5 9161.87 2409.53
CHZUSDT 96 21 -7078.78 -5563.21 2058.38
AXSUSDT 111 35 22095.44 30532.25 2181.65
AAVEUSDT 122 37 13065.64 15000 2584.87
AVAXUSDT 100 30 15300.11 18400.56 2218.82
CRVUSDT 111 30 25090.26 28495.4 1980.9
DYDXUSDT 85 25 15148.95 16768.17 1535.87
BNBUSDT 122 31 3701.51 11000 4158.39
ATOMUSDT 143 35 -14480.2 -10647.92 3210.69
BTCUSDT 127 35 2522.5 8000 5504.58
ADAUSDT 149 41 -9496.1 -5697.57 3885.25
BCHUSDT 139 35 -10100.25 -4153.24 4028.36
DOTUSDT 128 38 18926.38 24000 3253.46
DOGEUSDT 116 35 526.19 3345.52 2963.65
GMXUSDT 30 12 15261.71 16000 936.12
ENSUSDT 82 23 1957.33 4277.68 1968.63
ENJUSDT 115 28 12956.22 16000 2579.99
LDOUSDT 45 13 -2966.19 -2000 972.66
INJUSDT 44 8 -6885.8 -5000 899.96
GALAUSDT 70 26 31340.83 32499.73 1404.6
IMXUSDT 58 17 11259.24 13000 1117.71
PYTHUSDT 5 1 383.86 122.18 54.28
GRTUSDT 104 28 12706.26 13805.06 1937.13
FILUSDT 105 33 27622.24 30000 2502.81
FTMUSDT 110 32 16793.69 18660.25 1982.99
HBARUSDT 109 25 -11585.95 -9281.07 2650.54
ICPUSDT 79 22 7072.46 8474.03 1748.75
SEIUSDT 8 1 -4189.41 -4000 144.49
ETCUSDT 131 43 47625.68 51215.87 3251.86
TIAUSDT 5 0 -3003.69 -3000 49.17
ETHUSDT 147 31 -20969.48 -15781.14 4709.12
OPUSDT 49 11 7945.11 9000 955.76
SUIUSDT 25 6 -1469.09 -741.21 558.99
KAVAUSDT 118 36 22564.41 26005.98 2457.39
ROSEUSDT 70 22 10142.56 12000 1656.32
MANAUSDT 86 26 16758.98 18675.67 1922.8
IOTAUSDT 142 35 -5103.72 -1000 3407.2
WLDUSDT 15 2 734.34 1000 254.83
LINKUSDT 132 33 -5373.52 -2298.81 2973.47
NEARUSDT 113 28 3308.56 5433.3 2200.39
MKRUSDT 108 30 8415.62 11133.74 2511.6
LTCUSDT 143 30 -15632.16 -12000 3693.83
RUNEUSDT 107 31 9288.57 11000 1963.9
SANDUSDT 86 28 25797.49 27445.69 1805.64
SNXUSDT 113 26 -6551.21 -3646.23 1962.23
SOLUSDT 101 32 5066.71 7319.87 1902.75
UNIUSDT 133 36 17347.25 20000 3094.94
TRXUSDT 140 28 -16304.51 -6314.62 5290.61
VETUSDT 126 34 1349.24 4150.49 2864.26
ZILUSDT 117 31 12575.11 14583.43 2399.19
XLMUSDT 122 37 -1847.61 559.31 3166.15
XRPUSDT 131 35 4653.99 8408.87 3665.77
