# VARIANT=atr1.5-vol EXTRA='--atr-stop-mult 1.5 --vol-filter-mode'
# span=2020-01..2023-12 fee=10 slip=5
# symbols=57
BLURUSDT 9 2 -251.35 -295.8 188.74
ARBUSDT 21 5 9712.84 9911.33 617.57
APTUSDT 19 5 13233.34 13861.19 446.99
APEUSDT 29 8 9174.92 14187.07 619.72
1000SHIBUSDT 44 12 23405.77 23530.47 1217.14
CHZUSDT 53 11 -737.45 -335.51 1206.23
CRVUSDT 38 10 10891.28 12344.21 884.82
1INCHUSDT 46 14 30278.7 32142.01 1178.82
AAVEUSDT 63 11 -3279.83 -2837.12 1579.43
AXSUSDT 50 15 38508.01 47104.32 1263.15
DYDXUSDT 30 6 4300.7 4617.21 650.81
AVAXUSDT 43 11 15594.65 16807.34 1121.83
BNBUSDT 85 19 17901.2 23564.65 2825.91
BTCUSDT 96 14 -16600.31 -15498.18 4054.43
ADAUSDT 89 18 9488.6 9411.93 2443.93
BCHUSDT 84 15 -12581.58 -9300.61 2473.48
DOTUSDT 63 16 32848.72 36416.1 1812.79
DOGEUSDT 63 9 -16173.48 -15552.77 1679.17
GMXUSDT 22 5 9744.47 9518.48 665.41
ATOMUSDT 68 15 13806.83 13918.68 1732.59
ENSUSDT 33 9 12801.14 12717.02 797.18
ENJUSDT 60 15 30901.97 32898.05 1563.19
INJUSDT 24 4 -2183.97 -446.04 559.59
GALAUSDT 27 11 38563.07 38684.07 642.67
LDOUSDT 26 4 -5315.38 -5153.54 614.79
IMXUSDT 30 6 -709.13 363.64 660.31
PYTHUSDT 1 0 -893.13 -1000 7.23
HBARUSDT 62 14 11791.65 12733.73 1549.2
FILUSDT 52 12 10448.72 10082.89 1314.05
GRTUSDT 34 8 9973 10256.19 764.33
ICPUSDT 46 11 17546.97 17634.67 1147.82
FTMUSDT 30 10 23865.36 23806.25 674.72
SEIUSDT 5 1 -742.05 -741.93 91.11
ETHUSDT 107 15 -21090.3 -19175.58 3661.12
ETCUSDT 81 20 33713.54 33923.57 2204.43
OPUSDT 19 5 6417.94 6374.97 382.2
KAVAUSDT 48 8 -3572.58 -1185.56 1207.53
TIAUSDT 1 0 -977.35 -1000 10.51
IOTAUSDT 89 16 5952.72 7802.05 2361.21
MANAUSDT 42 11 24963.22 25398.63 1114.34
SUIUSDT 17 5 8570.39 8905.85 354.23
WLDUSDT 5 1 1889.1 2000 97.02
ROSEUSDT 41 6 -13184.07 -12618.5 967.34
LINKUSDT 68 14 13053.83 13405.58 1648.27
MKRUSDT 65 14 14250.54 14912.24 1640.46
LTCUSDT 81 17 7334.36 7171.25 2077.96
NEARUSDT 33 10 19397.19 19973.61 821.83
SANDUSDT 36 10 17274.68 17857.59 966.14
RUNEUSDT 33 7 622.32 720.88 870.13
SNXUSDT 32 5 1132.79 1768.8 677.17
SOLUSDT 33 11 17902.93 18850.49 740.98
UNIUSDT 62 14 19235.05 19051.1 1566.94
VETUSDT 62 15 36975.08 37108.98 1571.58
TRXUSDT 96 11 -38528.87 -30660.07 3927.39
ZILUSDT 62 13 2816.36 2096.69 1434.75
XLMUSDT 72 17 3195.84 3429.58 1977
XRPUSDT 76 13 -16315.12 -15364.07 2239.74
