# VARIANT=atr1.75 EXTRA='--atr-stop-mult 1.75'
# span=2020-01..2023-12 fee=10 slip=5
# symbols=57
BLURUSDT 16 3 -8161.99 -8251.47 255.47
ARBUSDT 19 5 8428.72 8461.52 452.17
APTUSDT 26 8 16660.52 17282.03 469.76
APEUSDT 36 11 10865.77 14853.4 573.15
1000SHIBUSDT 55 14 8183.51 8744.13 1190.66
1INCHUSDT 70 19 13876.32 15954.01 1286.44
AXSUSDT 75 22 22089.47 32048.78 1204.49
CHZUSDT 69 17 1519.05 1072.23 1182.29
CRVUSDT 81 23 22207.48 24915.93 1198.19
AAVEUSDT 92 18 -209.83 -1553.71 1654.12
AVAXUSDT 69 19 10513.8 11124.02 1217.1
DYDXUSDT 52 15 14693.89 14781.07 778.18
BCHUSDT 92 19 -13276.89 -11323.94 2084.59
BNBUSDT 84 23 23242.84 28010.8 2250.99
ATOMUSDT 92 23 17623 16387.49 1593.65
BTCUSDT 93 12 -28603.99 -28656.68 3275.75
DOGEUSDT 77 18 1406.82 599.17 1514.61
ADAUSDT 102 26 32327.8 31381.43 2152.23
DOTUSDT 90 19 -3133.35 -313.35 1860.28
GMXUSDT 20 5 7149.31 6757.69 525.15
ENSUSDT 49 15 15037.33 15036.16 865.02
ENJUSDT 77 19 11838.84 11945.12 1365.83
INJUSDT 26 6 -3444.8 -1541.14 419.26
LDOUSDT 31 5 -7804.81 -7817.24 560.17
GALAUSDT 50 17 24663.83 24579.21 785.13
IMXUSDT 41 13 19937.66 20972.25 699.3
PYTHUSDT 2 1 1699.11 1282.9 15.67
ICPUSDT 56 16 23561.69 23043.13 989.78
GRTUSDT 67 20 11701.65 11402.64 1034.03
FILUSDT 66 20 18855.68 18142.93 1240.71
FTMUSDT 75 24 37983.26 37385.12 1041.75
HBARUSDT 75 18 4841.78 4932.18 1460.01
ETCUSDT 96 27 31309.39 31443.3 1959.11
ETHUSDT 114 17 -33664.94 -33010.51 3013.17
MANAUSDT 63 17 23149.43 23397.84 1162.17
TIAUSDT 4 0 -3963.98 -4000 33.08
KAVAUSDT 73 21 13245.32 15543.91 1205.06
SEIUSDT 7 1 -3269.41 -3207.37 96.68
OPUSDT 36 8 -4866.88 -4524.98 546.25
WLDUSDT 12 1 -5163.34 -5000 166.48
SUIUSDT 18 6 8523.47 8842.18 309.76
ROSEUSDT 48 14 12899.9 13303.7 844.57
LINKUSDT 93 19 15910.84 15648.91 1671.08
IOTAUSDT 104 20 -13180.53 -12093.57 2031.89
LTCUSDT 97 17 -9573.31 -10639.22 2003.5
NEARUSDT 80 18 7064.04 7359.47 1137.9
MKRUSDT 78 18 853.83 653.4 1540.87
RUNEUSDT 81 15 -18023.69 -17735.86 1237.89
SANDUSDT 58 19 22210.14 21815.59 953.16
SOLUSDT 70 18 2237.93 3580.48 1070.92
SNXUSDT 81 15 -4040.49 -2109.9 1135.93
UNIUSDT 89 18 -4568.05 -6025.43 1603.13
TRXUSDT 110 16 -34743.29 -27581.82 3437.56
ZILUSDT 80 21 4991.78 3695.26 1346.26
VETUSDT 90 20 20130.55 19095.64 1640.64
XLMUSDT 88 21 -2662.87 -4604.58 1880.56
XRPUSDT 93 22 -277.04 -553.06 2086.8
