# VARIANT=atr1.5-atr21 EXTRA='--atr-stop-mult 1.5 --atr-period 21'
# span=2020-01..2023-12 fee=10 slip=5
# symbols=57
BLURUSDT 16 3 -5366.94 -5516.09 283.03
ARBUSDT 21 5 7216.69 7333.37 573.43
APTUSDT 27 8 18716.83 19473.43 550.28
APEUSDT 39 11 14212.72 19565.38 747.69
1000SHIBUSDT 59 16 28155.25 28674.97 1443.74
1INCHUSDT 71 19 20619.99 22884.88 1508.25
AXSUSDT 88 22 27280.89 38176.25 1731.08
CHZUSDT 74 15 -3315.65 -3435.45 1437.08
AAVEUSDT 97 19 9471.91 8484.7 2012.77
AVAXUSDT 75 17 9943.03 10920.75 1505.82
CRVUSDT 86 22 15415.73 18306.72 1452.55
DYDXUSDT 54 15 19920 20115.11 938.69
ATOMUSDT 98 21 8268.08 7381.67 1942.47
DOTUSDT 95 19 9794.15 12920.24 2272.49
DOGEUSDT 88 16 -1364.16 -1740.59 1980.54
BNBUSDT 94 20 6758.89 12750.07 2935.27
ADAUSDT 108 23 14990.36 14627.24 2645.91
BCHUSDT 95 18 -9280.76 -6887.9 2485.49
BTCUSDT 103 14 -21000.29 -19759.83 4257.76
GMXUSDT 23 5 8766.48 8597.06 691.81
ENSUSDT 51 15 25068.99 25174.41 1040.12
ENJUSDT 86 20 22900.8 23714.98 1841.49
INJUSDT 37 6 -9839.99 -7654.74 715.57
LDOUSDT 36 6 -5028.17 -4804.79 760.66
IMXUSDT 45 13 20381.82 21730.88 883.59
GALAUSDT 55 18 34671.89 34925.9 1034.08
PYTHUSDT 2 1 1964.16 1505.93 17.29
ICPUSDT 64 14 11789.72 11929.52 1395.1
FILUSDT 71 20 30603.59 30107.1 1539.72
HBARUSDT 78 17 6311.33 6500.02 1745.34
GRTUSDT 74 17 -2499.46 -2552.91 1312.42
FTMUSDT 79 24 42646.01 42146.86 1314.73
SEIUSDT 7 1 -2904.57 -2803.62 115.85
ETCUSDT 105 28 47675.71 48478.28 2502.23
TIAUSDT 5 0 -4983.51 -5000 47.54
ETHUSDT 124 16 -33852.06 -32155.06 3911.08
OPUSDT 36 8 2113.52 2501.03 625.36
KAVAUSDT 84 18 2370.75 5103.36 1593.84
SUIUSDT 20 6 8073.77 8546.65 402.17
MANAUSDT 67 17 18428.11 18750.4 1395.85
IOTAUSDT 113 20 -4265.15 -2430.85 2602.68
ROSEUSDT 50 13 12486.63 13131.29 1084.46
WLDUSDT 13 1 -6207.17 -6000 210.51
LINKUSDT 104 19 10821.14 11152.89 2194.34
NEARUSDT 87 17 10070.59 10638.56 1460.45
MKRUSDT 82 19 21896.42 22246.52 1858.6
LTCUSDT 100 19 2142.38 1014.79 2355.77
SANDUSDT 65 18 29227.38 29103.19 1281.11
RUNEUSDT 86 16 -645.49 -102.37 1533.77
SNXUSDT 88 16 5254.72 7382.05 1419.65
SOLUSDT 77 16 -11402.64 -9768.69 1374.42
UNIUSDT 98 18 5171.67 3977.46 2071.06
TRXUSDT 118 16 -36759.8 -28215.03 4268.74
VETUSDT 95 21 34610.42 33724.18 1990.16
XLMUSDT 93 19 3505.41 1874.45 2269.85
ZILUSDT 91 20 10366 9442.11 1822.89
XRPUSDT 100 18 -16790.18 -16579.1 2590.94
