# VARIANT=atr2.0 EXTRA='--atr-stop-mult 2.0'
# span=2020-01..2023-12 fee=10 slip=5
# symbols=57
BLURUSDT 15 4 2063.87 1925.71 211.35
ARBUSDT 17 6 3412.27 3318.44 357.26
APTUSDT 25 8 8425.76 9042.82 401.25
APEUSDT 34 11 9250.91 12808.35 461.92
1000SHIBUSDT 50 14 7857.01 8220.36 931.49
1INCHUSDT 66 19 9330.93 10975.64 1082.9
AAVEUSDT 82 19 -3883.79 -5526.69 1263.55
CHZUSDT 67 19 -2817.02 -3394.89 1019.31
AVAXUSDT 67 19 8126.48 8608.52 1040.9
CRVUSDT 76 23 20876.38 23324.3 1002.25
AXSUSDT 67 22 16459.04 24913.29 908.99
BNBUSDT 77 23 24154.22 28415.26 1803.52
ATOMUSDT 89 23 4182.12 2895.49 1316.57
ADAUSDT 95 27 19715.25 18286.4 1759.54
DYDXUSDT 48 17 15984.34 15953.27 606.51
BTCUSDT 86 14 -21055.86 -21704.12 2655.21
GMXUSDT 20 5 6774.53 6412.98 459.5
BCHUSDT 84 19 -6822.54 -5767.11 1657.34
DOTUSDT 86 19 -5223.2 -2817.82 1566.25
ENJUSDT 75 19 3511.28 3483.34 1142.71
DOGEUSDT 72 19 7234.83 6036.47 1253.87
ENSUSDT 47 16 18298.63 18194.04 742.94
INJUSDT 24 5 -9387.8 -7658.66 332.24
GALAUSDT 48 17 21941.67 21756.81 659.92
IMXUSDT 39 13 18252.56 19225.72 579.69
LDOUSDT 29 7 -1234.57 -1447.55 433.99
PYTHUSDT 2 1 1390.55 997.53 13.71
FILUSDT 64 21 18491.83 17614.06 1037.31
ICPUSDT 54 16 17551.45 17009.06 848.42
FTMUSDT 71 23 17168.46 16632.58 856.92
ETCUSDT 91 26 22574.75 22248.99 1635.47
HBARUSDT 71 16 -6766.79 -6548.26 1189.65
SEIUSDT 7 2 -2507.9 -2433.63 93
ETHUSDT 111 19 -23534.36 -23259.59 2598.74
GRTUSDT 65 20 7124.51 6580.18 871.55
TIAUSDT 4 0 -3952.8 -4000 28.94
OPUSDT 35 8 -6720.69 -6459.36 466.33
KAVAUSDT 69 24 24075.14 25853.22 972.09
SUIUSDT 18 6 7565.98 7861.91 271.04
MANAUSDT 59 16 13413.88 13582.24 947.69
WLDUSDT 10 1 -2262.27 -2181.24 123.17
ROSEUSDT 46 14 6113.95 6453.24 713.53
IOTAUSDT 96 24 -1922.92 -748.23 1668.32
NEARUSDT 76 18 4467.68 4700.57 950.87
LINKUSDT 85 17 -5504.47 -6300.31 1351.88
MKRUSDT 72 18 -4602.04 -5034.45 1240.91
LTCUSDT 91 20 -2790.76 -4123.38 1660.03
RUNEUSDT 75 19 -4331.62 -4127.89 981.74
SANDUSDT 53 18 17807.42 17407.07 766.28
SOLUSDT 67 19 3764.78 4945.77 891.28
SNXUSDT 74 15 -9945.67 -8226.83 925.83
UNIUSDT 82 18 -4991.25 -6532.57 1316.37
TRXUSDT 105 16 -45743.81 -39223.67 2850.47
VETUSDT 84 20 10811.37 9570.74 1358.43
ZILUSDT 72 23 11934.5 10257.98 1050.8
XLMUSDT 83 22 -4971.24 -7061.18 1523.59
XRPUSDT 84 22 4212.46 3159.23 1644.08
